2.89828e-11 0.64195 -0.766747
37.5 7.55643 25.3038
37.5 7.5402 25.2919
2.5 7.53888 25.2935
8.40908e-12 0.971263 -0.238009
37.5 7.97124 25.9941
37.5 7.95916 25.9546
2.5 7.95819 25.9548
1.42444e-12 0.999125 -0.0418212
2.5 8 26.2699
37.5 8 26.2699
2.5 7.98691 26.1111
2.08587e-12 0.998127 -0.0611842
2.5 7.98691 26.1111
37.5 8 26.2699
37.5 7.99805 26.1961
3.53376e-12 0.994691 -0.102904
2.5 7.98691 26.1111
37.5 7.99805 26.1961
37.5 7.98679 26.1112
6.91526e-12 0.980369 -0.19717
37.5 7.97124 25.9941
2.5 7.95819 25.9548
37.5 7.98679 26.1112
6.35171e-12 0.983142 -0.182845
37.5 7.98679 26.1112
2.5 7.95819 25.9548
2.5 7.98176 26.0487
4.86958e-12 0.989931 -0.141549
37.5 7.98679 26.1112
2.5 7.98176 26.0487
2.5 7.98691 26.1111
1.59709e-11 0.898564 -0.438842
2.5 7.84259 25.6589
2.5 7.85526 25.6786
37.5 7.91255 25.8022
1.45066e-11 0.916154 -0.400826
37.5 7.91255 25.8022
2.5 7.85526 25.6786
2.5 7.90929 25.8034
1.18269e-11 0.944447 -0.328663
37.5 7.91255 25.8022
2.5 7.90929 25.8034
37.5 7.95916 25.9546
1.11282e-11 0.949953 -0.312393
37.5 7.95916 25.9546
2.5 7.90929 25.8034
2.5 7.93527 25.8635
9.63074e-12 0.962196 -0.272359
37.5 7.95916 25.9546
2.5 7.93527 25.8635
2.5 7.95819 25.9548
1.48287e-11 0.913442 -0.406968
37.5 7.91255 25.8022
37.5 7.91186 25.8
2.5 7.84259 25.6589
1.6319e-11 0.895591 -0.444878
2.5 7.84259 25.6589
37.5 7.91186 25.8
37.5 7.84198 25.6591
1.90592e-11 0.855579 -0.517672
2.5 7.84259 25.6589
37.5 7.84198 25.6591
2.5 7.75648 25.5248
2.79094e-11 0.673458 -0.739225
37.5 7.55643 25.3038
2.5 7.53888 25.2935
37.5 7.65411 25.4032
1.94985e-11 0.850586 -0.525837
37.5 7.84198 25.6591
37.5 7.8258 25.6265
2.5 7.75648 25.5248
2.09039e-11 0.827822 -0.560991
2.5 7.75648 25.5248
37.5 7.8258 25.6265
37.5 7.75441 25.5263
2.20179e-11 0.805558 -0.592517
2.5 7.75648 25.5248
37.5 7.75441 25.5263
2.5 7.74351 25.5046
2.29506e-11 0.790674 -0.612238
2.5 7.74351 25.5046
37.5 7.75441 25.5263
37.5 7.69983 25.4498
2.40739e-11 0.764359 -0.64479
2.5 7.74351 25.5046
37.5 7.69983 25.4498
2.5 7.65345 25.4036
2.52915e-11 0.740961 -0.671548
2.5 7.65345 25.4036
37.5 7.69983 25.4498
37.5 7.65411 25.4032
2.62224e-11 0.714193 -0.699949
2.5 7.65345 25.4036
37.5 7.65411 25.4032
2.5 7.59799 25.3414
2.73317e-11 0.684274 -0.729225
2.5 7.59799 25.3414
37.5 7.65411 25.4032
2.5 7.53888 25.2935
3.22366e-11 0.501031 -0.86543
37.5 7.41147 25.198
2.5 7.27214 25.1202
2.5 7.41087 25.199
3.09426e-11 0.57126 -0.820769
37.5 7.41147 25.198
2.5 7.41087 25.199
37.5 7.5402 25.2919
3.04804e-11 0.580688 -0.814126
37.5 7.5402 25.2919
2.5 7.41087 25.199
2.5 7.44905 25.2208
2.95903e-11 0.614264 -0.789101
37.5 7.5402 25.2919
2.5 7.44905 25.2208
2.5 7.53888 25.2935
3.25786e-11 0.495484 -0.868617
37.5 7.41147 25.198
37.5 7.393 25.1845
2.5 7.27214 25.1202
3.3225e-11 0.458672 -0.888605
2.5 7.27214 25.1202
37.5 7.393 25.1845
37.5 7.27092 25.1229
3.38839e-11 0.388313 -0.921528
2.5 7.27214 25.1202
37.5 7.27092 25.1229
2.5 7.12275 25.0649
3.42938e-11 0.374739 -0.92713
37.5 7.27092 25.1229
37.5 7.22104 25.0978
2.5 7.12275 25.0649
3.46499e-11 0.335601 -0.942004
2.5 7.12275 25.0649
37.5 7.22104 25.0978
37.5 7.12237 25.0665
3.46108e-11 0.298683 -0.954352
2.5 7.12275 25.0649
37.5 7.12237 25.0665
2.5 7.08086 25.0494
3.49992e-11 0.269877 -0.962895
2.5 7.08086 25.0494
37.5 7.12237 25.0665
37.5 7.01335 25.0319
3.47875e-11 0.229343 -0.973346
2.5 7.08086 25.0494
37.5 7.01335 25.0319
2.5 6.96849 25.0268
3.50816e-11 0.199938 -0.979809
2.5 6.96849 25.0268
37.5 7.01335 25.0319
37.5 6.96894 25.0252
3.32137e-11 -0.0138498 -0.999904
2.5 6.65185 25.0022
2.5 6.67451 24.9993
37.5 6.80998 25.0012
3.37216e-11 0.0280379 -0.999607
37.5 6.80998 25.0012
2.5 6.67451 24.9993
2.5 6.81117 25.0044
3.46851e-11 0.105549 -0.994414
37.5 6.80998 25.0012
2.5 6.81117 25.0044
37.5 6.96894 25.0252
3.44807e-11 0.120129 -0.992758
37.5 6.96894 25.0252
2.5 6.81117 25.0044
2.5 6.86696 25.0065
3.46866e-11 0.161581 -0.98686
37.5 6.96894 25.0252
2.5 6.86696 25.0065
2.5 6.96849 25.0268
3.34299e-11 -0.0201777 -0.999796
2.5 6.65185 25.0022
37.5 6.80998 25.0012
37.5 6.65189 25.0033
3.18253e-11 -0.10331 -0.994649
2.5 6.65185 25.0022
37.5 6.65189 25.0033
2.5 6.49375 25.0222
3.1928e-11 -0.114702 -0.9934
37.5 6.65189 25.0033
37.5 6.60822 25.0039
2.5 6.49375 25.0222
3.11174e-11 -0.156193 -0.987727
2.5 6.49375 25.0222
37.5 6.60822 25.0039
37.5 6.49412 25.0242
3.00716e-11 -0.191304 -0.981531
2.5 6.49375 25.0222
37.5 6.49412 25.0242
2.5 6.47383 25.0247
2.99077e-11 -0.210787 -0.977532
2.5 6.47383 25.0247
37.5 6.49412 25.0242
37.5 6.41951 25.0375
2.85987e-11 -0.251506 -0.967856
2.5 6.47383 25.0247
37.5 6.41951 25.0375
2.5 6.34023 25.0646
2.79474e-11 -0.286762 -0.958002
2.5 6.34023 25.0646
37.5 6.41951 25.0375
37.5 6.34062 25.0652
2.65969e-11 -0.323998 -0.946058
2.5 6.34023 25.0646
37.5 6.34062 25.0652
2.5 6.27771 25.0832
2.58295e-11 -0.357412 -0.933947
2.5 6.27771 25.0832
37.5 6.34062 25.0652
37.5 6.21298 25.1101
2.42964e-11 -0.396184 -0.918171
2.5 6.27771 25.0832
37.5 6.21298 25.1101
2.5 6.19291 25.1238
2.37835e-11 -0.418748 -0.908103
2.5 6.19291 25.1238
37.5 6.21298 25.1101
37.5 6.19186 25.1215
1.60751e-11 -0.602873 -0.797837
2.5 5.92111 25.2889
2.5 5.92285 25.2872
37.5 6.05166 25.1972
1.76005e-11 -0.56892 -0.822393
37.5 6.05166 25.1972
2.5 5.92285 25.2872
2.5 6.05209 25.1977
2.07677e-11 -0.498721 -0.866763
37.5 6.05166 25.1972
2.5 6.05209 25.1977
37.5 6.19186 25.1215
2.08774e-11 -0.490384 -0.871506
37.5 6.19186 25.1215
2.5 6.05209 25.1977
2.5 6.08209 25.1769
2.22767e-11 -0.453463 -0.891275
37.5 6.19186 25.1215
2.5 6.08209 25.1769
2.5 6.19291 25.1238
1.75698e-11 -0.574458 -0.818534
37.5 6.05166 25.1972
37.5 6.03103 25.2084
2.5 5.92111 25.2889
1.59957e-11 -0.608233 -0.793758
2.5 5.92111 25.2889
37.5 6.03103 25.2084
37.5 5.92338 25.2915
1.2891e-11 -0.667884 -0.744265
2.5 5.92111 25.2889
37.5 5.92338 25.2915
2.5 5.80665 25.3997
1.6356e-12 -0.854411 -0.519597
37.5 5.70672 25.5233
37.5 5.6185 25.656
2.5 5.6185 25.656
1.23921e-11 -0.680571 -0.732682
37.5 5.92338 25.2915
37.5 5.87162 25.3315
2.5 5.80665 25.3997
1.07408e-11 -0.710641 -0.703555
2.5 5.80665 25.3997
37.5 5.87162 25.3315
37.5 5.80741 25.4004
9.22407e-12 -0.735168 -0.677885
2.5 5.80665 25.3997
37.5 5.80741 25.4004
2.5 5.77703 25.4284
8.33931e-12 -0.752152 -0.65899
2.5 5.77703 25.4284
37.5 5.80741 25.4004
37.5 5.74139 25.4712
6.61495e-12 -0.779069 -0.626938
2.5 5.77703 25.4284
37.5 5.74139 25.4712
2.5 5.70674 25.5235
5.48715e-12 -0.798156 -0.602451
2.5 5.70674 25.5235
37.5 5.74139 25.4712
37.5 5.70672 25.5233
3.92249e-12 -0.82099 -0.570942
2.5 5.70674 25.5235
37.5 5.70672 25.5233
2.5 5.6559 25.5923
2.35508e-12 -0.844166 -0.536082
2.5 5.6559 25.5923
37.5 5.70672 25.5233
2.5 5.6185 25.656
0 1 0
2.5 8 38
0 8 38
0 8 40
0 1 0
2.5 8 38
0 8 40
37.5 8 38
0 1 0
37.5 8 38
0 8 40
40 8 40
0 1 0
37.5 8 38
40 8 40
40 8 38
0 -1 0
5.67417 0 3.7048
5.59748 0 3.41857
6.96985 0 6.96985
0 -1 0
2.5 0 40
0 0 40
2.5 0 7.92301
0 -1 0
2.5 0 7.92301
0 0 40
0 0 2
0 -1 0
40 0 40
37.5 0 40
40 0 2
0 -1 0
40 0 2
37.5 0 40
37.5 0 7.92301
0 -1 0
36.85 0 2.52776
36.5814 0 2.40252
38 0 0
0 -1 0
38 0 0
36.5814 0 2.40252
36.2952 0 2.32583
0 -1 0
33.0302 0 6.96985
34.4025 0 3.41857
34.3258 0 3.7048
0 -1 0
5.30228 0 2.90726
5.09274 0 2.69773
34.5278 0 3.15
0 -1 0
36.2952 0 2.32583
36 0 2.3
38 0 0
0 -1 0
38 0 0
36 0 2.3
35.7048 0 2.32583
0 -1 0
38 0 0
35.7048 0 2.32583
2 0 0
0 -1 0
2 0 0
35.7048 0 2.32583
35.4186 0 2.40252
0 -1 0
2 0 0
35.4186 0 2.40252
35.15 0 2.52776
0 -1 0
35.15 0 2.52776
34.9073 0 2.69773
2 0 0
0 -1 0
2 0 0
34.9073 0 2.69773
34.6977 0 2.90726
0 -1 0
2 0 0
34.6977 0 2.90726
34.5278 0 3.15
0 -1 0
37.3023 0 5.09274
37.5 0 7.92301
37.0927 0 5.30228
0 -1 0
37.0927 0 5.30228
37.5 0 7.92301
36.85 0 5.47224
0 -1 0
2.52776 0 3.15
2.40252 0 3.41857
0 0 2
0 -1 0
0 0 2
2.40252 0 3.41857
2.32583 0 3.7048
0 -1 0
0 0 2
2.32583 0 3.7048
2.3 0 4
0 -1 0
2.5 0 7.92301
2.69773 0 5.09274
2.90726 0 5.30228
0 -1 0
37.3023 0 5.09274
37.4722 0 4.85
37.5 0 7.92301
0 -1 0
37.5 0 7.92301
37.4722 0 4.85
37.5975 0 4.58143
0 -1 0
37.5 0 7.92301
37.5975 0 4.58143
40 0 2
0 -1 0
40 0 2
37.5975 0 4.58143
37.6742 0 4.2952
0 -1 0
40 0 2
37.6742 0 4.2952
37.7 0 4
0 -1 0
6.96985 0 6.96985
5.47224 0 4.85
5.59748 0 4.58143
0 -1 0
34.3258 0 3.7048
34.3 0 4
33.0302 0 6.96985
0 -1 0
33.0302 0 6.96985
34.3 0 4
34.3258 0 4.2952
0 -1 0
33.0302 0 6.96985
34.3258 0 4.2952
34.4025 0 4.58143
0 -1 0
37.7 0 4
37.6742 0 3.7048
40 0 2
0 -1 0
40 0 2
37.6742 0 3.7048
37.5975 0 3.41857
0 -1 0
40 0 2
37.5975 0 3.41857
39.9696 0 1.6527
0 -1 0
39.9696 0 1.6527
37.5975 0 3.41857
37.4722 0 3.15
0 -1 0
39.9696 0 1.6527
37.4722 0 3.15
39.8794 0 1.31596
0 -1 0
39.8794 0 1.31596
37.4722 0 3.15
37.3023 0 2.90726
0 -1 0
39.8794 0 1.31596
37.3023 0 2.90726
39.7321 0 1
0 -1 0
39.7321 0 1
37.3023 0 2.90726
39.5321 0 0.714425
0 -1 0
38 0 0
38.3473 0 0.0303835
36.85 0 2.52776
0 -1 0
36.85 0 2.52776
38.3473 0 0.0303835
38.684 0 0.120614
0 -1 0
36.85 0 2.52776
38.684 0 0.120614
37.0927 0 2.69773
0 -1 0
37.0927 0 2.69773
38.684 0 0.120614
39 0 0.267949
0 -1 0
37.0927 0 2.69773
39 0 0.267949
37.3023 0 2.90726
0 -1 0
37.3023 0 2.90726
39 0 0.267949
39.2856 0 0.467911
0 -1 0
37.3023 0 2.90726
39.2856 0 0.467911
39.5321 0 0.714425
0 -1 0
33.0302 0 6.96985
6.96985 0 6.96985
34.4025 0 3.41857
0 -1 0
34.4025 0 3.41857
6.96985 0 6.96985
5.59748 0 3.41857
0 -1 0
34.4025 0 3.41857
5.59748 0 3.41857
34.5278 0 3.15
0 -1 0
34.5278 0 3.15
5.59748 0 3.41857
5.47224 0 3.15
0 -1 0
34.5278 0 3.15
5.47224 0 3.15
5.30228 0 2.90726
0 -1 0
5.09274 0 2.69773
4.85 0 2.52776
34.5278 0 3.15
0 -1 0
34.5278 0 3.15
4.85 0 2.52776
4.58143 0 2.40252
0 -1 0
34.5278 0 3.15
4.58143 0 2.40252
2 0 0
0 -1 0
2 0 0
4.58143 0 2.40252
4.2952 0 2.32583
0 -1 0
2 0 0
4.2952 0 2.32583
4 0 2.3
0 -1 0
4 0 2.3
3.7048 0 2.32583
2 0 0
0 -1 0
2 0 0
3.7048 0 2.32583
3.41857 0 2.40252
0 -1 0
2 0 0
3.41857 0 2.40252
1.6527 0 0.0303835
0 -1 0
1.6527 0 0.0303835
3.41857 0 2.40252
3.15 0 2.52776
0 -1 0
1.6527 0 0.0303835
3.15 0 2.52776
1.31596 0 0.120614
0 -1 0
1.31596 0 0.120614
3.15 0 2.52776
2.90726 0 2.69773
0 -1 0
1.31596 0 0.120614
2.90726 0 2.69773
1 0 0.267949
0 -1 0
1 0 0.267949
2.90726 0 2.69773
0.714425 0 0.467911
0 -1 0
0 0 2
0.0303835 0 1.6527
2.52776 0 3.15
0 -1 0
2.52776 0 3.15
0.0303835 0 1.6527
0.120614 0 1.31596
0 -1 0
2.52776 0 3.15
0.120614 0 1.31596
2.69773 0 2.90726
0 -1 0
2.69773 0 2.90726
0.120614 0 1.31596
0.267949 0 1
0 -1 0
2.69773 0 2.90726
0.267949 0 1
2.90726 0 2.69773
0 -1 0
2.90726 0 2.69773
0.267949 0 1
0.467911 0 0.714425
0 -1 0
2.90726 0 2.69773
0.467911 0 0.714425
0.714425 0 0.467911
0 -1 0
2.3 0 4
2.32583 0 4.2952
0 0 2
0 -1 0
0 0 2
2.32583 0 4.2952
2.40252 0 4.58143
0 -1 0
0 0 2
2.40252 0 4.58143
2.5 0 7.92301
0 -1 0
2.5 0 7.92301
2.40252 0 4.58143
2.52776 0 4.85
0 -1 0
2.5 0 7.92301
2.52776 0 4.85
2.69773 0 5.09274
0 -1 0
5.59748 0 4.58143
5.67417 0 4.2952
6.96985 0 6.96985
0 -1 0
6.96985 0 6.96985
5.67417 0 4.2952
5.7 0 4
0 -1 0
6.96985 0 6.96985
5.7 0 4
5.67417 0 3.7048
0 -1 0
2.90726 0 5.30228
3.15 0 5.47224
2.5 0 7.92301
0 -1 0
2.5 0 7.92301
3.15 0 5.47224
3.41857 0 5.59748
0 -1 0
2.5 0 7.92301
3.41857 0 5.59748
3.16215 0 8.11558
0 -1 0
3.16215 0 8.11558
3.41857 0 5.59748
3.7048 0 5.67417
0 -1 0
3.16215 0 8.11558
3.7048 0 5.67417
3.84689 0 8.19721
0 -1 0
3.84689 0 8.19721
3.7048 0 5.67417
4 0 5.7
0 -1 0
3.84689 0 8.19721
4 0 5.7
4.53576 0 8.16569
0 -1 0
4.53576 0 8.16569
4 0 5.7
4.2952 0 5.67417
0 -1 0
4.53576 0 8.16569
4.2952 0 5.67417
5.21018 0 8.02187
0 -1 0
5.21018 0 8.02187
4.2952 0 5.67417
4.58143 0 5.59748
0 -1 0
5.21018 0 8.02187
4.58143 0 5.59748
5.85198 0 7.76964
0 -1 0
5.85198 0 7.76964
4.58143 0 5.59748
4.85 0 5.47224
0 -1 0
5.85198 0 7.76964
4.85 0 5.47224
6.44385 0 7.41578
0 -1 0
6.44385 0 7.41578
4.85 0 5.47224
5.09274 0 5.30228
0 -1 0
6.44385 0 7.41578
5.09274 0 5.30228
6.96985 0 6.96985
0 -1 0
6.96985 0 6.96985
5.09274 0 5.30228
5.30228 0 5.09274
0 -1 0
6.96985 0 6.96985
5.30228 0 5.09274
5.47224 0 4.85
0 -1 0
34.4025 0 4.58143
34.5278 0 4.85
33.0302 0 6.96985
0 -1 0
33.0302 0 6.96985
34.5278 0 4.85
34.6977 0 5.09274
0 -1 0
33.0302 0 6.96985
34.6977 0 5.09274
33.5561 0 7.41578
0 -1 0
33.5561 0 7.41578
34.6977 0 5.09274
34.9073 0 5.30228
0 -1 0
33.5561 0 7.41578
34.9073 0 5.30228
34.148 0 7.76964
0 -1 0
34.148 0 7.76964
34.9073 0 5.30228
35.15 0 5.47224
0 -1 0
34.148 0 7.76964
35.15 0 5.47224
34.7898 0 8.02187
0 -1 0
34.7898 0 8.02187
35.15 0 5.47224
35.4186 0 5.59748
0 -1 0
34.7898 0 8.02187
35.4186 0 5.59748
35.4642 0 8.16569
0 -1 0
35.4642 0 8.16569
35.4186 0 5.59748
35.7048 0 5.67417
0 -1 0
35.4642 0 8.16569
35.7048 0 5.67417
36.1531 0 8.19721
0 -1 0
36.1531 0 8.19721
35.7048 0 5.67417
36 0 5.7
0 -1 0
36.1531 0 8.19721
36 0 5.7
36.8378 0 8.11558
0 -1 0
36.8378 0 8.11558
36 0 5.7
36.2952 0 5.67417
0 -1 0
36.8378 0 8.11558
36.2952 0 5.67417
37.5 0 7.92301
0 -1 0
37.5 0 7.92301
36.2952 0 5.67417
36.5814 0 5.59748
0 -1 0
37.5 0 7.92301
36.5814 0 5.59748
36.85 0 5.47224
0 1 0
37.5 8 26.2699
2.5 8 26.2699
2.5 8 27
0 1 0
34.5278 8 3.15
34.6977 8 2.90726
2 8 0
0 1 0
2 8 0
34.6977 8 2.90726
34.9073 8 2.69773
0 1 0
5.59748 8 4.58143
6.96985 8 6.96985
5.67417 8 4.2952
0 1 0
5.67417 8 4.2952
6.96985 8 6.96985
5.7 8 4
0 1 0
37.4722 8 3.15
37.5975 8 3.41857
40 8 2
0 1 0
34.5278 8 4.85
34.4025 8 4.58143
33.0302 8 6.96985
0 1 0
33.0302 8 6.96985
34.4025 8 4.58143
34.3258 8 4.2952
0 1 0
33.0302 8 6.96985
34.3258 8 4.2952
34.3 8 4
0 1 0
34.9073 8 2.69773
35.15 8 2.52776
2 8 0
0 1 0
2 8 0
35.15 8 2.52776
35.4186 8 2.40252
0 1 0
2 8 0
35.4186 8 2.40252
38 8 0
0 1 0
38 8 0
35.4186 8 2.40252
35.7048 8 2.32583
0 1 0
38 8 0
35.7048 8 2.32583
36 8 2.3
0 1 0
37.5975 8 3.41857
37.6742 8 3.7048
40 8 2
0 1 0
40 8 2
37.6742 8 3.7048
37.7 8 4
0 1 0
40 8 2
37.7 8 4
37.6742 8 4.2952
0 1 0
5.59748 8 4.58143
5.47224 8 4.85
6.96985 8 6.96985
0 1 0
6.96985 8 6.96985
5.47224 8 4.85
5.30228 8 5.09274
0 1 0
6.96985 8 6.96985
5.30228 8 5.09274
6.44385 8 7.41578
0 1 0
6.44385 8 7.41578
5.30228 8 5.09274
5.09274 8 5.30228
0 1 0
6.44385 8 7.41578
5.09274 8 5.30228
5.85198 8 7.76964
0 1 0
5.85198 8 7.76964
5.09274 8 5.30228
4.85 8 5.47224
0 1 0
5.85198 8 7.76964
4.85 8 5.47224
5.21018 8 8.02187
0 1 0
5.21018 8 8.02187
4.85 8 5.47224
4.58143 8 5.59748
0 1 0
5.21018 8 8.02187
4.58143 8 5.59748
4.53576 8 8.16569
0 1 0
4.53576 8 8.16569
4.58143 8 5.59748
4.2952 8 5.67417
0 1 0
4.53576 8 8.16569
4.2952 8 5.67417
3.84689 8 8.19721
0 1 0
3.84689 8 8.19721
4.2952 8 5.67417
4 8 5.7
0 1 0
3.84689 8 8.19721
4 8 5.7
3.16215 8 8.11558
0 1 0
3.16215 8 8.11558
4 8 5.7
3.7048 8 5.67417
0 1 0
3.16215 8 8.11558
3.7048 8 5.67417
2.5 8 7.92301
0 1 0
2.5 8 7.92301
3.7048 8 5.67417
3.41857 8 5.59748
0 1 0
2.5 8 7.92301
3.41857 8 5.59748
3.15 8 5.47224
0 1 0
3.15 8 5.47224
2.90726 8 5.30228
2.5 8 7.92301
0 1 0
2.5 8 7.92301
2.90726 8 5.30228
2.69773 8 5.09274
0 1 0
2.5 8 7.92301
2.69773 8 5.09274
2.52776 8 4.85
0 1 0
2.3 8 4
0 8 2
2.32583 8 4.2952
0 1 0
2.32583 8 4.2952
0 8 2
2.40252 8 4.58143
0 1 0
3.15 8 2.52776
3.41857 8 2.40252
2 8 0
0 1 0
2 8 0
3.41857 8 2.40252
3.7048 8 2.32583
0 1 0
2 8 0
3.7048 8 2.32583
4 8 2.3
0 1 0
34.5278 8 3.15
5.09274 8 2.69773
5.30228 8 2.90726
0 1 0
36 8 2.3
36.2952 8 2.32583
38 8 0
0 1 0
38 8 0
36.2952 8 2.32583
36.5814 8 2.40252
0 1 0
38 8 0
36.5814 8 2.40252
38.3473 8 0.0303835
0 1 0
38.3473 8 0.0303835
36.5814 8 2.40252
36.85 8 2.52776
0 1 0
38.3473 8 0.0303835
36.85 8 2.52776
38.684 8 0.120614
0 1 0
38.684 8 0.120614
36.85 8 2.52776
37.0927 8 2.69773
0 1 0
38.684 8 0.120614
37.0927 8 2.69773
39 8 0.267949
0 1 0
39 8 0.267949
37.0927 8 2.69773
39.2856 8 0.467911
0 1 0
37.5975 8 4.58143
37.4722 8 4.85
37.5 8 7.92301
0 1 0
37.5 8 7.92301
37.4722 8 4.85
37.3023 8 5.09274
0 1 0
37.5 8 7.92301
37.3023 8 5.09274
37.0927 8 5.30228
0 1 0
37.0927 8 5.30228
36.85 8 5.47224
37.5 8 7.92301
0 1 0
37.5 8 7.92301
36.85 8 5.47224
36.5814 8 5.59748
0 1 0
37.5 8 7.92301
36.5814 8 5.59748
36.8378 8 8.11558
0 1 0
36.8378 8 8.11558
36.5814 8 5.59748
36.2952 8 5.67417
0 1 0
36.8378 8 8.11558
36.2952 8 5.67417
36.1531 8 8.19721
0 1 0
36.1531 8 8.19721
36.2952 8 5.67417
36 8 5.7
0 1 0
36.1531 8 8.19721
36 8 5.7
35.4642 8 8.16569
0 1 0
35.4642 8 8.16569
36 8 5.7
35.7048 8 5.67417
0 1 0
35.4642 8 8.16569
35.7048 8 5.67417
34.7898 8 8.02187
0 1 0
34.7898 8 8.02187
35.7048 8 5.67417
35.4186 8 5.59748
0 1 0
34.7898 8 8.02187
35.4186 8 5.59748
34.148 8 7.76964
0 1 0
34.148 8 7.76964
35.4186 8 5.59748
35.15 8 5.47224
0 1 0
34.148 8 7.76964
35.15 8 5.47224
33.5561 8 7.41578
0 1 0
33.5561 8 7.41578
35.15 8 5.47224
34.9073 8 5.30228
0 1 0
33.5561 8 7.41578
34.9073 8 5.30228
33.0302 8 6.96985
0 1 0
33.0302 8 6.96985
34.9073 8 5.30228
34.6977 8 5.09274
0 1 0
33.0302 8 6.96985
34.6977 8 5.09274
34.5278 8 4.85
0 1 0
2.52776 8 4.85
2.40252 8 4.58143
2.5 8 7.92301
0 1 0
2.5 8 7.92301
2.40252 8 4.58143
0 8 2
0 1 0
2.5 8 7.92301
0 8 2
2.5 8 26.2699
0 1 0
2.5 8 26.2699
0 8 2
0 8 27
0 1 0
2.5 8 26.2699
0 8 27
2.5 8 27
0 1 0
33.0302 8 6.96985
5.59748 8 3.41857
6.96985 8 6.96985
0 1 0
6.96985 8 6.96985
5.59748 8 3.41857
5.67417 8 3.7048
0 1 0
6.96985 8 6.96985
5.67417 8 3.7048
5.7 8 4
0 1 0
37.6742 8 4.2952
37.5975 8 4.58143
40 8 2
0 1 0
40 8 2
37.5975 8 4.58143
37.5 8 7.92301
0 1 0
40 8 2
37.5 8 7.92301
40 8 27
0 1 0
40 8 27
37.5 8 7.92301
37.5 8 26.2699
0 1 0
40 8 27
37.5 8 26.2699
37.5 8 27
0 1 0
37.5 8 27
37.5 8 26.2699
2.5 8 27
0 1 0
2.3 8 4
2.32583 8 3.7048
0 8 2
0 1 0
0 8 2
2.32583 8 3.7048
2.40252 8 3.41857
0 1 0
0 8 2
2.40252 8 3.41857
0.0303835 8 1.6527
0 1 0
0.0303835 8 1.6527
2.40252 8 3.41857
2.52776 8 3.15
0 1 0
0.0303835 8 1.6527
2.52776 8 3.15
0.120614 8 1.31596
0 1 0
0.120614 8 1.31596
2.52776 8 3.15
2.69773 8 2.90726
0 1 0
0.120614 8 1.31596
2.69773 8 2.90726
0.267949 8 1
0 1 0
4 8 2.3
4.2952 8 2.32583
2 8 0
0 1 0
2 8 0
4.2952 8 2.32583
4.58143 8 2.40252
0 1 0
2 8 0
4.58143 8 2.40252
34.5278 8 3.15
0 1 0
34.5278 8 3.15
4.58143 8 2.40252
4.85 8 2.52776
0 1 0
34.5278 8 3.15
4.85 8 2.52776
5.09274 8 2.69773
0 1 0
5.30228 8 2.90726
5.47224 8 3.15
34.5278 8 3.15
0 1 0
34.5278 8 3.15
5.47224 8 3.15
5.59748 8 3.41857
0 1 0
34.5278 8 3.15
5.59748 8 3.41857
34.4025 8 3.41857
0 1 0
34.4025 8 3.41857
5.59748 8 3.41857
33.0302 8 6.96985
0 1 0
34.4025 8 3.41857
33.0302 8 6.96985
34.3258 8 3.7048
0 1 0
34.3258 8 3.7048
33.0302 8 6.96985
34.3 8 4
0 1 0
40 8 2
39.9696 8 1.6527
37.4722 8 3.15
0 1 0
37.4722 8 3.15
39.9696 8 1.6527
39.8794 8 1.31596
0 1 0
37.4722 8 3.15
39.8794 8 1.31596
37.3023 8 2.90726
0 1 0
37.3023 8 2.90726
39.8794 8 1.31596
39.7321 8 1
0 1 0
37.3023 8 2.90726
39.7321 8 1
37.0927 8 2.69773
0 1 0
37.0927 8 2.69773
39.7321 8 1
39.5321 8 0.714425
0 1 0
37.0927 8 2.69773
39.5321 8 0.714425
39.2856 8 0.467911
0 1 0
0.267949 8 1
2.69773 8 2.90726
0.467911 8 0.714425
0 1 0
0.467911 8 0.714425
2.69773 8 2.90726
2.90726 8 2.69773
0 1 0
0.467911 8 0.714425
2.90726 8 2.69773
0.714425 8 0.467911
0 1 0
2 8 0
1.6527 8 0.0303835
3.15 8 2.52776
0 1 0
3.15 8 2.52776
1.6527 8 0.0303835
1.31596 8 0.120614
0 1 0
3.15 8 2.52776
1.31596 8 0.120614
2.90726 8 2.69773
0 1 0
2.90726 8 2.69773
1.31596 8 0.120614
1 8 0.267949
0 1 0
2.90726 8 2.69773
1 8 0.267949
0.714425 8 0.467911
-1 0 8.67362e-17
0 6.68914 35.7285
0 6.30071 34.6327
0 0 40
-1 0 8.67362e-17
0 0 40
0 6.30071 34.6327
0 6.07507 33.5655
-1 0 8.67362e-17
0 0 40
0 6.07507 33.5655
0 6.00002 32.5181
-1 0 8.67362e-17
0 6.00002 32.5181
0 6.0002 32.4456
0 0 40
-1 0 8.67362e-17
0 0 40
0 6.0002 32.4456
0 6.07861 31.4096
-1 0 8.67362e-17
0 0 40
0 6.07861 31.4096
0 0 2
-1 0 8.67362e-17
0 0 2
0 6.07861 31.4096
0 6.29937 30.3721
-1 0 8.67362e-17
0 0 2
0 6.29937 30.3721
0 6.66667 29.3246
-1 0 8.67362e-17
0 8 40
0 8 38
0 0 40
-1 0 8.67362e-17
0 0 40
0 8 38
0 7.25709 36.8604
-1 0 8.67362e-17
0 0 40
0 7.25709 36.8604
0 6.68914 35.7285
-1 0 8.67362e-17
0 8 27
0 8 2
0 7.86588 27.1876
-1 0 8.67362e-17
0 7.86588 27.1876
0 8 2
0 0 2
-1 0 8.67362e-17
0 7.86588 27.1876
0 0 2
0 7.18968 28.2581
-1 0 8.67362e-17
0 7.18968 28.2581
0 0 2
0 6.66667 29.3246
0 0 1
37.5 0 40
40 0 40
37.5 6 40
0 0 1
37.5 6 40
40 0 40
40 8 40
0 0 1
37.5 6 40
40 8 40
2.5 6 40
0 0 1
2.5 6 40
40 8 40
0 8 40
0 0 1
2.5 6 40
0 8 40
2.5 0 40
0 0 1
2.5 0 40
0 8 40
0 0 40
1 0 -8.67362e-17
40 6.0002 32.4456
40 6.00002 32.5181
40 0 40
1 0 -8.67362e-17
40 0 40
40 6.00002 32.5181
40 6.07507 33.5655
1 0 -8.67362e-17
40 0 40
40 6.07507 33.5655
40 6.30071 34.6327
1 0 -8.67362e-17
40 7.18968 28.2581
40 6.66667 29.3246
40 0 2
1 0 -8.67362e-17
40 0 2
40 6.66667 29.3246
40 6.29937 30.3721
1 0 -8.67362e-17
40 0 2
40 6.29937 30.3721
40 0 40
1 0 -8.67362e-17
40 0 40
40 6.29937 30.3721
40 6.07861 31.4096
1 0 -8.67362e-17
40 0 40
40 6.07861 31.4096
40 6.0002 32.4456
1 0 -8.67362e-17
40 8 38
40 8 40
40 7.25709 36.8604
1 0 -8.67362e-17
40 7.25709 36.8604
40 8 40
40 0 40
1 0 -8.67362e-17
40 7.25709 36.8604
40 0 40
40 6.68914 35.7285
1 0 -8.67362e-17
40 6.68914 35.7285
40 0 40
40 6.30071 34.6327
1 0 -8.67362e-17
40 8 2
40 8 27
40 0 2
1 0 -8.67362e-17
40 0 2
40 8 27
40 7.86588 27.1876
1 0 -8.67362e-17
40 0 2
40 7.86588 27.1876
40 7.18968 28.2581
-8.67362e-17 0 -1
2 8 0
38 8 0
2 0 0
-8.67362e-17 0 -1
2 0 0
38 8 0
38 0 0
-0.0580791 0 0.998312
36 8 2.3
36 0 2.3
36.2952 8 2.32583
-0.116158 0 0.993231
36.2952 8 2.32583
36 0 2.3
36.2952 0 2.32583
-0.230552 0 0.97306
36.2952 8 2.32583
36.2952 0 2.32583
36.5814 8 2.40252
-0.286866 0 0.957971
36.5814 8 2.40252
36.2952 0 2.32583
36.5814 0 2.40252
-0.396019 0 0.918242
36.5814 8 2.40252
36.5814 0 2.40252
36.85 8 2.52776
-0.448858 0 0.893603
36.85 8 2.52776
36.5814 0 2.40252
36.85 0 2.52776
-0.549454 0 0.835524
36.85 8 2.52776
36.85 0 2.52776
37.0927 8 2.69773
-0.597211 0 0.802084
37.0927 8 2.69773
36.85 0 2.52776
37.0927 0 2.69773
-0.686194 0 0.727419
37.0927 8 2.69773
37.0927 0 2.69773
37.3023 8 2.90726
-0.727419 0 0.686194
37.3023 8 2.90726
37.0927 0 2.69773
37.3023 0 2.90726
-0.802084 0 0.597211
37.3023 8 2.90726
37.3023 0 2.90726
37.4722 8 3.15
-0.835524 0 0.549454
37.4722 8 3.15
37.3023 0 2.90726
37.4722 0 3.15
-0.893603 0 0.448858
37.4722 8 3.15
37.4722 0 3.15
37.5975 8 3.41857
-0.918242 0 0.396019
37.5975 8 3.41857
37.4722 0 3.15
37.5975 0 3.41857
-0.957971 0 0.286866
37.5975 8 3.41857
37.5975 0 3.41857
37.6742 8 3.7048
-0.97306 0 0.230552
37.6742 8 3.7048
37.5975 0 3.41857
37.6742 0 3.7048
-0.993231 0 0.116158
37.6742 8 3.7048
37.6742 0 3.7048
37.7 8 4
-0.998312 0 0.0580791
37.7 8 4
37.6742 0 3.7048
37.7 0 4
-0.998312 0 -0.0580791
37.7 8 4
37.7 0 4
37.6742 8 4.2952
-0.993231 0 -0.116158
37.6742 8 4.2952
37.7 0 4
37.6742 0 4.2952
-0.97306 0 -0.230552
37.6742 8 4.2952
37.6742 0 4.2952
37.5975 8 4.58143
-0.957971 0 -0.286866
37.5975 8 4.58143
37.6742 0 4.2952
37.5975 0 4.58143
-0.918242 0 -0.396019
37.5975 8 4.58143
37.5975 0 4.58143
37.4722 8 4.85
-0.893603 0 -0.448858
37.4722 8 4.85
37.5975 0 4.58143
37.4722 0 4.85
-0.835524 0 -0.549454
37.4722 8 4.85
37.4722 0 4.85
37.3023 8 5.09274
-0.802084 0 -0.597211
37.3023 8 5.09274
37.4722 0 4.85
37.3023 0 5.09274
-0.727419 0 -0.686194
37.3023 8 5.09274
37.3023 0 5.09274
37.0927 8 5.30228
-0.686194 0 -0.727419
37.0927 8 5.30228
37.3023 0 5.09274
37.0927 0 5.30228
-0.597211 0 -0.802084
37.0927 8 5.30228
37.0927 0 5.30228
36.85 8 5.47224
-0.549454 0 -0.835524
36.85 8 5.47224
37.0927 0 5.30228
36.85 0 5.47224
-0.448858 0 -0.893603
36.85 8 5.47224
36.85 0 5.47224
36.5814 8 5.59748
-0.396019 0 -0.918242
36.5814 8 5.59748
36.85 0 5.47224
36.5814 0 5.59748
-0.286866 0 -0.957971
36.5814 8 5.59748
36.5814 0 5.59748
36.2952 8 5.67417
-0.230552 0 -0.97306
36.2952 8 5.67417
36.5814 0 5.59748
36.2952 0 5.67417
-0.116158 0 -0.993231
36.2952 8 5.67417
36.2952 0 5.67417
36 8 5.7
-0.0580791 0 -0.998312
36 8 5.7
36.2952 0 5.67417
36 0 5.7
0.0580791 0 -0.998312
36 8 5.7
36 0 5.7
35.7048 8 5.67417
0.116158 0 -0.993231
35.7048 8 5.67417
36 0 5.7
35.7048 0 5.67417
0.230552 0 -0.97306
35.7048 8 5.67417
35.7048 0 5.67417
35.4186 8 5.59748
0.286866 0 -0.957971
35.4186 8 5.59748
35.7048 0 5.67417
35.4186 0 5.59748
0.396019 0 -0.918242
35.4186 8 5.59748
35.4186 0 5.59748
35.15 8 5.47224
0.448858 0 -0.893603
35.15 8 5.47224
35.4186 0 5.59748
35.15 0 5.47224
0.549454 0 -0.835524
35.15 8 5.47224
35.15 0 5.47224
34.9073 8 5.30228
0.597211 0 -0.802084
34.9073 8 5.30228
35.15 0 5.47224
34.9073 0 5.30228
0.686194 0 -0.727419
34.9073 8 5.30228
34.9073 0 5.30228
34.6977 8 5.09274
0.727419 0 -0.686194
34.6977 8 5.09274
34.9073 0 5.30228
34.6977 0 5.09274
0.802084 0 -0.597211
34.6977 8 5.09274
34.6977 0 5.09274
34.5278 8 4.85
0.835524 0 -0.549454
34.5278 8 4.85
34.6977 0 5.09274
34.5278 0 4.85
0.893603 0 -0.448858
34.5278 8 4.85
34.5278 0 4.85
34.4025 8 4.58143
0.918242 0 -0.396019
34.4025 8 4.58143
34.5278 0 4.85
34.4025 0 4.58143
0.957971 0 -0.286866
34.4025 8 4.58143
34.4025 0 4.58143
34.3258 8 4.2952
0.97306 0 -0.230552
34.3258 8 4.2952
34.4025 0 4.58143
34.3258 0 4.2952
0.993231 0 -0.116158
34.3258 8 4.2952
34.3258 0 4.2952
34.3 8 4
0.998312 0 -0.0580791
34.3 8 4
34.3258 0 4.2952
34.3 0 4
0.998312 0 0.0580791
34.3 8 4
34.3 0 4
34.3258 8 3.7048
0.993231 0 0.116158
34.3258 8 3.7048
34.3 0 4
34.3258 0 3.7048
0.97306 0 0.230552
34.3258 8 3.7048
34.3258 0 3.7048
34.4025 8 3.41857
0.957971 0 0.286866
34.4025 8 3.41857
34.3258 0 3.7048
34.4025 0 3.41857
0.918242 0 0.396019
34.4025 8 3.41857
34.4025 0 3.41857
34.5278 8 3.15
0.893603 0 0.448858
34.5278 8 3.15
34.4025 0 3.41857
34.5278 0 3.15
0.835524 0 0.549454
34.5278 8 3.15
34.5278 0 3.15
34.6977 8 2.90726
0.802084 0 0.597211
34.6977 8 2.90726
34.5278 0 3.15
34.6977 0 2.90726
0.727419 0 0.686194
34.6977 8 2.90726
34.6977 0 2.90726
34.9073 8 2.69773
0.686194 0 0.727419
34.9073 8 2.69773
34.6977 0 2.90726
34.9073 0 2.69773
0.597211 0 0.802084
34.9073 8 2.69773
34.9073 0 2.69773
35.15 8 2.52776
0.549454 0 0.835524
35.15 8 2.52776
34.9073 0 2.69773
35.15 0 2.52776
0.448858 0 0.893603
35.15 8 2.52776
35.15 0 2.52776
35.4186 8 2.40252
0.396019 0 0.918242
35.4186 8 2.40252
35.15 0 2.52776
35.4186 0 2.40252
0.286866 0 0.957971
35.4186 8 2.40252
35.4186 0 2.40252
35.7048 8 2.32583
0.230552 0 0.97306
35.7048 8 2.32583
35.4186 0 2.40252
35.7048 0 2.32583
0.116158 0 0.993231
35.7048 8 2.32583
35.7048 0 2.32583
36 8 2.3
0.0580791 0 0.998312
36 8 2.3
35.7048 0 2.32583
36 0 2.3
-0.0580791 0 0.998312
4 8 2.3
4 0 2.3
4.2952 8 2.32583
-0.116158 0 0.993231
4.2952 8 2.32583
4 0 2.3
4.2952 0 2.32583
-0.230552 0 0.97306
4.2952 8 2.32583
4.2952 0 2.32583
4.58143 8 2.40252
-0.286866 0 0.957971
4.58143 8 2.40252
4.2952 0 2.32583
4.58143 0 2.40252
-0.396019 0 0.918242
4.58143 8 2.40252
4.58143 0 2.40252
4.85 8 2.52776
-0.448858 0 0.893603
4.85 8 2.52776
4.58143 0 2.40252
4.85 0 2.52776
-0.549454 0 0.835524
4.85 8 2.52776
4.85 0 2.52776
5.09274 8 2.69773
-0.597211 0 0.802084
5.09274 8 2.69773
4.85 0 2.52776
5.09274 0 2.69773
-0.686194 0 0.727419
5.09274 8 2.69773
5.09274 0 2.69773
5.30228 8 2.90726
-0.727419 0 0.686194
5.30228 8 2.90726
5.09274 0 2.69773
5.30228 0 2.90726
-0.802084 0 0.597211
5.30228 8 2.90726
5.30228 0 2.90726
5.47224 8 3.15
-0.835524 0 0.549454
5.47224 8 3.15
5.30228 0 2.90726
5.47224 0 3.15
-0.893603 0 0.448858
5.47224 8 3.15
5.47224 0 3.15
5.59748 8 3.41857
-0.918242 0 0.396019
5.59748 8 3.41857
5.47224 0 3.15
5.59748 0 3.41857
-0.957971 0 0.286866
5.59748 8 3.41857
5.59748 0 3.41857
5.67417 8 3.7048
-0.97306 0 0.230552
5.67417 8 3.7048
5.59748 0 3.41857
5.67417 0 3.7048
-0.993231 0 0.116158
5.67417 8 3.7048
5.67417 0 3.7048
5.7 8 4
-0.998312 0 0.0580791
5.7 8 4
5.67417 0 3.7048
5.7 0 4
-0.998312 0 -0.0580791
5.7 8 4
5.7 0 4
5.67417 8 4.2952
-0.993231 0 -0.116158
5.67417 8 4.2952
5.7 0 4
5.67417 0 4.2952
-0.97306 0 -0.230552
5.67417 8 4.2952
5.67417 0 4.2952
5.59748 8 4.58143
-0.957971 0 -0.286866
5.59748 8 4.58143
5.67417 0 4.2952
5.59748 0 4.58143
-0.918242 0 -0.396019
5.59748 8 4.58143
5.59748 0 4.58143
5.47224 8 4.85
-0.893603 0 -0.448858
5.47224 8 4.85
5.59748 0 4.58143
5.47224 0 4.85
-0.835524 0 -0.549454
5.47224 8 4.85
5.47224 0 4.85
5.30228 8 5.09274
-0.802084 0 -0.597211
5.30228 8 5.09274
5.47224 0 4.85
5.30228 0 5.09274
-0.727419 0 -0.686194
5.30228 8 5.09274
5.30228 0 5.09274
5.09274 8 5.30228
-0.686194 0 -0.727419
5.09274 8 5.30228
5.30228 0 5.09274
5.09274 0 5.30228
-0.597211 0 -0.802084
5.09274 8 5.30228
5.09274 0 5.30228
4.85 8 5.47224
-0.549454 0 -0.835524
4.85 8 5.47224
5.09274 0 5.30228
4.85 0 5.47224
-0.448858 0 -0.893603
4.85 8 5.47224
4.85 0 5.47224
4.58143 8 5.59748
-0.396019 0 -0.918242
4.58143 8 5.59748
4.85 0 5.47224
4.58143 0 5.59748
-0.286866 0 -0.957971
4.58143 8 5.59748
4.58143 0 5.59748
4.2952 8 5.67417
-0.230552 0 -0.97306
4.2952 8 5.67417
4.58143 0 5.59748
4.2952 0 5.67417
-0.116158 0 -0.993231
4.2952 8 5.67417
4.2952 0 5.67417
4 8 5.7
-0.0580791 0 -0.998312
4 8 5.7
4.2952 0 5.67417
4 0 5.7
0.0580791 0 -0.998312
4 8 5.7
4 0 5.7
3.7048 8 5.67417
0.116158 0 -0.993231
3.7048 8 5.67417
4 0 5.7
3.7048 0 5.67417
0.230552 0 -0.97306
3.7048 8 5.67417
3.7048 0 5.67417
3.41857 8 5.59748
0.286866 0 -0.957971
3.41857 8 5.59748
3.7048 0 5.67417
3.41857 0 5.59748
0.396019 0 -0.918242
3.41857 8 5.59748
3.41857 0 5.59748
3.15 8 5.47224
0.448858 0 -0.893603
3.15 8 5.47224
3.41857 0 5.59748
3.15 0 5.47224
0.549454 0 -0.835524
3.15 8 5.47224
3.15 0 5.47224
2.90726 8 5.30228
0.597211 0 -0.802084
2.90726 8 5.30228
3.15 0 5.47224
2.90726 0 5.30228
0.686194 0 -0.727419
2.90726 8 5.30228
2.90726 0 5.30228
2.69773 8 5.09274
0.727419 0 -0.686194
2.69773 8 5.09274
2.90726 0 5.30228
2.69773 0 5.09274
0.802084 0 -0.597211
2.69773 8 5.09274
2.69773 0 5.09274
2.52776 8 4.85
0.835524 0 -0.549454
2.52776 8 4.85
2.69773 0 5.09274
2.52776 0 4.85
0.893603 0 -0.448858
2.52776 8 4.85
2.52776 0 4.85
2.40252 8 4.58143
0.918242 0 -0.396019
2.40252 8 4.58143
2.52776 0 4.85
2.40252 0 4.58143
0.957971 0 -0.286866
2.40252 8 4.58143
2.40252 0 4.58143
2.32583 8 4.2952
0.97306 0 -0.230552
2.32583 8 4.2952
2.40252 0 4.58143
2.32583 0 4.2952
0.993231 0 -0.116158
2.32583 8 4.2952
2.32583 0 4.2952
2.3 8 4
0.998312 0 -0.0580791
2.3 8 4
2.32583 0 4.2952
2.3 0 4
0.998312 0 0.0580791
2.3 8 4
2.3 0 4
2.32583 8 3.7048
0.993231 0 0.116158
2.32583 8 3.7048
2.3 0 4
2.32583 0 3.7048
0.97306 0 0.230552
2.32583 8 3.7048
2.32583 0 3.7048
2.40252 8 3.41857
0.957971 0 0.286866
2.40252 8 3.41857
2.32583 0 3.7048
2.40252 0 3.41857
0.918242 0 0.396019
2.40252 8 3.41857
2.40252 0 3.41857
2.52776 8 3.15
0.893603 0 0.448858
2.52776 8 3.15
2.40252 0 3.41857
2.52776 0 3.15
0.835524 0 0.549454
2.52776 8 3.15
2.52776 0 3.15
2.69773 8 2.90726
0.802084 0 0.597211
2.69773 8 2.90726
2.52776 0 3.15
2.69773 0 2.90726
0.727419 0 0.686194
2.69773 8 2.90726
2.69773 0 2.90726
2.90726 8 2.69773
0.686194 0 0.727419
2.90726 8 2.69773
2.69773 0 2.90726
2.90726 0 2.69773
0.597211 0 0.802084
2.90726 8 2.69773
2.90726 0 2.69773
3.15 8 2.52776
0.549454 0 0.835524
3.15 8 2.52776
2.90726 0 2.69773
3.15 0 2.52776
0.448858 0 0.893603
3.15 8 2.52776
3.15 0 2.52776
3.41857 8 2.40252
0.396019 0 0.918242
3.41857 8 2.40252
3.15 0 2.52776
3.41857 0 2.40252
0.286866 0 0.957971
3.41857 8 2.40252
3.41857 0 2.40252
3.7048 8 2.32583
0.230552 0 0.97306
3.7048 8 2.32583
3.41857 0 2.40252
3.7048 0 2.32583
0.116158 0 0.993231
3.7048 8 2.32583
3.7048 0 2.32583
4 8 2.3
0.0580791 0 0.998312
4 8 2.3
3.7048 0 2.32583
4 0 2.3
1 0 -8.67362e-17
2.5 7.41087 25.199
2.5 7.27214 25.1202
2.5 8 7.92301
1 0 -8.67362e-17
2.5 4.01302 32.6369
2.5 4.21034 33.8565
2.5 0 40
1 0 -8.67362e-17
2.5 0 40
2.5 4.21034 33.8565
2.5 4.56031 35.0898
1 0 -8.67362e-17
2.5 0 40
2.5 4.56031 35.0898
2.5 5.06308 36.3212
1 0 -8.67362e-17
2.5 7.98176 26.0487
2.5 8 7.92301
2.5 7.98691 26.1111
1 0 -8.67362e-17
2.5 7.98691 26.1111
2.5 8 7.92301
2.5 8 26.2699
1 0 -8.67362e-17
2.5 6.81117 25.0044
2.5 6.67451 24.9993
2.5 8 7.92301
1 0 -8.67362e-17
2.5 6.05209 25.1977
2.5 5.92285 25.2872
2.5 0 7.92301
1 0 -8.67362e-17
2.5 0 7.92301
2.5 5.92285 25.2872
2.5 5.92111 25.2889
1 0 -8.67362e-17
2.5 0 7.92301
2.5 5.92111 25.2889
2.5 5.80665 25.3997
1 0 -8.67362e-17
2.5 7.98176 26.0487
2.5 7.95819 25.9548
2.5 8 7.92301
1 0 -8.67362e-17
2.5 8 7.92301
2.5 7.95819 25.9548
2.5 7.93527 25.8635
1 0 -8.67362e-17
2.5 8 7.92301
2.5 7.93527 25.8635
2.5 7.90929 25.8034
1 0 -8.67362e-17
2.5 6.49375 25.0222
2.5 6.47383 25.0247
2.5 0 7.92301
1 0 -8.67362e-17
2.5 0 7.92301
2.5 6.47383 25.0247
2.5 6.34023 25.0646
1 0 -8.67362e-17
2.5 0 7.92301
2.5 6.34023 25.0646
2.5 6.27771 25.0832
1 0 -8.67362e-17
2.5 6.27771 25.0832
2.5 6.19291 25.1238
2.5 0 7.92301
1 0 -8.67362e-17
2.5 0 7.92301
2.5 6.19291 25.1238
2.5 6.08209 25.1769
1 0 -8.67362e-17
2.5 0 7.92301
2.5 6.08209 25.1769
2.5 6.05209 25.1977
1 0 -8.67362e-17
2.5 5.80665 25.3997
2.5 5.77703 25.4284
2.5 0 7.92301
1 0 -8.67362e-17
2.5 0 7.92301
2.5 5.77703 25.4284
2.5 5.70674 25.5235
1 0 -8.67362e-17
2.5 0 7.92301
2.5 5.70674 25.5235
2.5 5.6559 25.5923
1 0 -8.67362e-17
2.5 4.60412 27.9089
2.5 4.24419 29.1509
2.5 0 7.92301
1 0 -8.67362e-17
2.5 0 7.92301
2.5 4.24419 29.1509
2.5 4.03075 30.3752
1 0 -8.67362e-17
2.5 0 7.92301
2.5 4.03075 30.3752
2.5 0 40
1 0 -8.67362e-17
2.5 0 40
2.5 4.03075 30.3752
2.5 3.95986 31.59
1 0 -8.67362e-17
2.5 0 40
2.5 3.95986 31.59
2.5 4.01302 32.6369
1 0 -8.67362e-17
2.5 5.06308 36.3212
2.5 5.53108 37.5043
2.5 0 40
1 0 -8.67362e-17
2.5 0 40
2.5 5.53108 37.5043
2.5 5.84509 38.7372
1 0 -8.67362e-17
2.5 0 40
2.5 5.84509 38.7372
2.5 6 40
1 0 -8.67362e-17
2.5 8 7.92301
2.5 6.67451 24.9993
2.5 0 7.92301
1 0 -8.67362e-17
2.5 0 7.92301
2.5 6.67451 24.9993
2.5 6.65185 25.0022
1 0 -8.67362e-17
2.5 0 7.92301
2.5 6.65185 25.0022
2.5 6.49375 25.0222
1 0 -8.67362e-17
2.5 7.90929 25.8034
2.5 7.85526 25.6786
2.5 8 7.92301
1 0 -8.67362e-17
2.5 8 7.92301
2.5 7.85526 25.6786
2.5 7.84259 25.6589
1 0 -8.67362e-17
2.5 8 7.92301
2.5 7.84259 25.6589
2.5 7.75648 25.5248
1 0 -8.67362e-17
2.5 7.59799 25.3414
2.5 7.53888 25.2935
2.5 8 7.92301
1 0 -8.67362e-17
2.5 8 7.92301
2.5 7.53888 25.2935
2.5 7.44905 25.2208
1 0 -8.67362e-17
2.5 8 7.92301
2.5 7.44905 25.2208
2.5 7.41087 25.199
1 0 -8.67362e-17
2.5 7.08086 25.0494
2.5 6.96849 25.0268
2.5 8 7.92301
1 0 -8.67362e-17
2.5 8 7.92301
2.5 6.96849 25.0268
2.5 6.86696 25.0065
1 0 -8.67362e-17
2.5 8 7.92301
2.5 6.86696 25.0065
2.5 6.81117 25.0044
1 0 -8.67362e-17
2.5 5.6559 25.5923
2.5 5.6185 25.656
2.5 0 7.92301
1 0 -8.67362e-17
2.5 0 7.92301
2.5 5.6185 25.656
2.5 5.11812 26.6413
1 0 -8.67362e-17
2.5 0 7.92301
2.5 5.11812 26.6413
2.5 4.60412 27.9089
1 0 -8.67362e-17
2.5 7.75648 25.5248
2.5 7.74351 25.5046
2.5 8 7.92301
1 0 -8.67362e-17
2.5 8 7.92301
2.5 7.74351 25.5046
2.5 7.65345 25.4036
1 0 -8.67362e-17
2.5 8 7.92301
2.5 7.65345 25.4036
2.5 7.59799 25.3414
1 0 -8.67362e-17
2.5 8 7.92301
2.5 7.27214 25.1202
2.5 7.12275 25.0649
1 0 -8.67362e-17
2.5 8 7.92301
2.5 7.12275 25.0649
2.5 7.08086 25.0494
-1 0 8.67362e-17
37.5 7.84198 25.6591
37.5 7.91186 25.8
37.5 8 7.92301
-1 0 8.67362e-17
37.5 7.97124 25.9941
37.5 7.98679 26.1112
37.5 8 7.92301
-1 0 8.67362e-17
37.5 8 7.92301
37.5 7.98679 26.1112
37.5 7.99805 26.1961
-1 0 8.67362e-17
37.5 8 7.92301
37.5 7.99805 26.1961
37.5 8 26.2699
-1 0 8.67362e-17
37.5 7.27092 25.1229
37.5 7.393 25.1845
37.5 8 7.92301
-1 0 8.67362e-17
37.5 7.91186 25.8
37.5 7.91255 25.8022
37.5 8 7.92301
-1 0 8.67362e-17
37.5 8 7.92301
37.5 7.91255 25.8022
37.5 7.95916 25.9546
-1 0 8.67362e-17
37.5 8 7.92301
37.5 7.95916 25.9546
37.5 7.97124 25.9941
-1 0 8.67362e-17
37.5 6.80998 25.0012
37.5 8 7.92301
37.5 6.65189 25.0033
-1 0 8.67362e-17
37.5 6.65189 25.0033
37.5 8 7.92301
37.5 6.60822 25.0039
-1 0 8.67362e-17
37.5 7.69983 25.4498
37.5 8 7.92301
37.5 7.65411 25.4032
-1 0 8.67362e-17
37.5 7.65411 25.4032
37.5 8 7.92301
37.5 7.55643 25.3038
-1 0 8.67362e-17
37.5 7.69983 25.4498
37.5 7.75441 25.5263
37.5 8 7.92301
-1 0 8.67362e-17
37.5 8 7.92301
37.5 7.75441 25.5263
37.5 7.8258 25.6265
-1 0 8.67362e-17
37.5 8 7.92301
37.5 7.8258 25.6265
37.5 7.84198 25.6591
-1 0 8.67362e-17
37.5 4.56031 35.0898
37.5 4.21034 33.8565
37.5 0 40
-1 0 8.67362e-17
37.5 0 40
37.5 4.21034 33.8565
37.5 4.01302 32.6369
-1 0 8.67362e-17
37.5 7.393 25.1845
37.5 7.41147 25.198
37.5 8 7.92301
-1 0 8.67362e-17
37.5 8 7.92301
37.5 7.41147 25.198
37.5 7.5402 25.2919
-1 0 8.67362e-17
37.5 8 7.92301
37.5 7.5402 25.2919
37.5 7.55643 25.3038
-1 0 8.67362e-17
37.5 0 40
37.5 6 40
37.5 5.84509 38.7372
-1 0 8.67362e-17
37.5 5.70672 25.5233
37.5 5.74139 25.4712
37.5 0 7.92301
-1 0 8.67362e-17
37.5 0 7.92301
37.5 5.74139 25.4712
37.5 5.80741 25.4004
-1 0 8.67362e-17
37.5 5.80741 25.4004
37.5 5.87162 25.3315
37.5 0 7.92301
-1 0 8.67362e-17
37.5 0 7.92301
37.5 5.87162 25.3315
37.5 5.92338 25.2915
-1 0 8.67362e-17
37.5 0 7.92301
37.5 5.92338 25.2915
37.5 6.03103 25.2084
-1 0 8.67362e-17
37.5 7.01335 25.0319
37.5 7.12237 25.0665
37.5 8 7.92301
-1 0 8.67362e-17
37.5 8 7.92301
37.5 7.12237 25.0665
37.5 7.22104 25.0978
-1 0 8.67362e-17
37.5 8 7.92301
37.5 7.22104 25.0978
37.5 7.27092 25.1229
-1 0 8.67362e-17
37.5 5.84509 38.7372
37.5 5.53108 37.5043
37.5 0 40
-1 0 8.67362e-17
37.5 0 40
37.5 5.53108 37.5043
37.5 5.06308 36.3212
-1 0 8.67362e-17
37.5 0 40
37.5 5.06308 36.3212
37.5 4.56031 35.0898
-1 0 8.67362e-17
37.5 4.01302 32.6369
37.5 3.95986 31.59
37.5 0 40
-1 0 8.67362e-17
37.5 0 40
37.5 3.95986 31.59
37.5 4.03075 30.3752
-1 0 8.67362e-17
37.5 0 40
37.5 4.03075 30.3752
37.5 0 7.92301
-1 0 8.67362e-17
37.5 0 7.92301
37.5 4.03075 30.3752
37.5 4.24419 29.1509
-1 0 8.67362e-17
37.5 0 7.92301
37.5 4.24419 29.1509
37.5 4.60412 27.9089
-1 0 8.67362e-17
37.5 4.60412 27.9089
37.5 5.11812 26.6413
37.5 0 7.92301
-1 0 8.67362e-17
37.5 0 7.92301
37.5 5.11812 26.6413
37.5 5.6185 25.656
-1 0 8.67362e-17
37.5 0 7.92301
37.5 5.6185 25.656
37.5 5.70672 25.5233
-1 0 8.67362e-17
37.5 6.21298 25.1101
37.5 6.34062 25.0652
37.5 0 7.92301
-1 0 8.67362e-17
37.5 0 7.92301
37.5 6.34062 25.0652
37.5 6.41951 25.0375
-1 0 8.67362e-17
37.5 0 7.92301
37.5 6.41951 25.0375
37.5 8 7.92301
-1 0 8.67362e-17
37.5 8 7.92301
37.5 6.41951 25.0375
37.5 6.49412 25.0242
-1 0 8.67362e-17
37.5 8 7.92301
37.5 6.49412 25.0242
37.5 6.60822 25.0039
-1 0 8.67362e-17
37.5 8 7.92301
37.5 6.80998 25.0012
37.5 6.96894 25.0252
-1 0 8.67362e-17
37.5 8 7.92301
37.5 6.96894 25.0252
37.5 7.01335 25.0319
-1 0 8.67362e-17
37.5 6.03103 25.2084
37.5 6.05166 25.1972
37.5 0 7.92301
-1 0 8.67362e-17
37.5 0 7.92301
37.5 6.05166 25.1972
37.5 6.19186 25.1215
-1 0 8.67362e-17
37.5 0 7.92301
37.5 6.19186 25.1215
37.5 6.21298 25.1101
-0.667363 0 0.744732
33.0302 8 6.96985
33.0302 0 6.96985
33.5561 0 7.41578
-0.625492 0 0.780231
33.0302 8 6.96985
33.5561 0 7.41578
33.5561 8 7.41578
-0.536505 0 0.843897
33.5561 8 7.41578
33.5561 0 7.41578
34.148 0 7.76964
-0.48939 0 0.872065
33.5561 8 7.41578
34.148 0 7.76964
34.148 8 7.76964
-0.391184 0 0.920312
34.148 8 7.76964
34.148 0 7.76964
34.7898 0 8.02187
-0.340095 0 0.940391
34.148 8 7.76964
34.7898 0 8.02187
34.7898 8 8.02187
-0.235318 0 0.971918
34.7898 8 8.02187
34.7898 0 8.02187
35.4642 0 8.16569
-0.181631 0 0.983367
34.7898 8 8.02187
35.4642 0 8.16569
35.4642 8 8.16569
-0.0731083 0 0.997324
35.4642 8 8.16569
35.4642 0 8.16569
36.1531 0 8.19721
-0.0182719 0 0.999833
35.4642 8 8.16569
36.1531 0 8.19721
36.1531 8 8.19721
0.0910722 0 0.995844
36.1531 8 8.19721
36.1531 0 8.19721
36.8378 0 8.11558
0.14558 0 0.989346
36.1531 8 8.19721
36.8378 0 8.11558
36.8378 8 8.11558
0.252798 0 0.967519
36.8378 8 8.11558
36.8378 0 8.11558
37.5 0 7.92301
0.305508 0 0.95219
36.8378 8 8.11558
37.5 0 7.92301
37.5 8 7.92301
-0.305508 0 0.95219
2.5 8 7.92301
2.5 0 7.92301
3.16215 0 8.11558
-0.252798 0 0.967519
2.5 8 7.92301
3.16215 0 8.11558
3.16215 8 8.11558
-0.14558 0 0.989346
3.16215 8 8.11558
3.16215 0 8.11558
3.84689 0 8.19721
-0.0910722 0 0.995844
3.16215 8 8.11558
3.84689 0 8.19721
3.84689 8 8.19721
0.0182719 0 0.999833
3.84689 8 8.19721
3.84689 0 8.19721
4.53576 0 8.16569
0.0731083 0 0.997324
3.84689 8 8.19721
4.53576 0 8.16569
4.53576 8 8.16569
0.181631 0 0.983367
4.53576 8 8.16569
4.53576 0 8.16569
5.21018 0 8.02187
0.235318 0 0.971918
4.53576 8 8.16569
5.21018 0 8.02187
5.21018 8 8.02187
0.340095 0 0.940391
5.21018 8 8.02187
5.21018 0 8.02187
5.85198 0 7.76964
0.391184 0 0.920312
5.21018 8 8.02187
5.85198 0 7.76964
5.85198 8 7.76964
0.48939 0 0.872065
5.85198 8 7.76964
5.85198 0 7.76964
6.44385 0 7.41578
0.536505 0 0.843897
5.85198 8 7.76964
6.44385 0 7.41578
6.44385 8 7.41578
0.625492 0 0.780231
6.44385 8 7.41578
6.44385 0 7.41578
6.96985 0 6.96985
0.667363 0 0.744732
6.44385 8 7.41578
6.96985 0 6.96985
6.96985 8 6.96985
-4.01294e-17 -0.886535 -0.462661
2.5 5.6185 25.656
37.5 5.6185 25.656
37.5 5.11812 26.6413
-3.83064e-17 -0.897191 -0.441643
2.5 5.6185 25.656
37.5 5.11812 26.6413
2.5 5.11812 26.6413
-3.38327e-17 -0.920788 -0.390065
2.5 5.11812 26.6413
37.5 5.11812 26.6413
37.5 4.60412 27.9089
-3.11621e-17 -0.933232 -0.359274
2.5 5.11812 26.6413
37.5 4.60412 27.9089
2.5 4.60412 27.9089
-2.55382e-17 -0.955671 -0.294435
2.5 4.60412 27.9089
37.5 4.60412 27.9089
37.5 4.24419 29.1509
-2.25805e-17 -0.965518 -0.260335
2.5 4.60412 27.9089
37.5 4.24419 29.1509
2.5 4.24419 29.1509
-1.64316e-17 -0.981892 -0.189444
2.5 4.24419 29.1509
37.5 4.24419 29.1509
37.5 4.03075 30.3752
-1.32378e-17 -0.988285 -0.152622
2.5 4.24419 29.1509
37.5 4.03075 30.3752
2.5 4.03075 30.3752
-6.69667e-18 -0.997015 -0.0772073
2.5 4.03075 30.3752
37.5 4.03075 30.3752
37.5 3.95986 31.59
-3.34834e-18 -0.999255 -0.0386037
2.5 4.03075 30.3752
37.5 3.95986 31.59
2.5 3.95986 31.59
2.93115e-18 -0.999429 0.0337939
2.5 3.95986 31.59
37.5 3.95986 31.59
37.5 4.01302 32.6369
5.86231e-18 -0.997713 0.0675878
2.5 3.95986 31.59
37.5 4.01302 32.6369
2.5 4.01302 32.6369
1.21431e-17 -0.990151 0.14
2.5 4.01302 32.6369
37.5 4.01302 32.6369
37.5 4.21034 33.8565
1.54894e-17 -0.983925 0.17858
2.5 4.01302 32.6369
37.5 4.21034 33.8565
2.5 4.21034 33.8565
2.20175e-17 -0.967245 0.253844
2.5 4.21034 33.8565
37.5 4.21034 33.8565
37.5 4.56031 35.0898
2.52007e-17 -0.956862 0.290544
2.5 4.21034 33.8565
37.5 4.56031 35.0898
2.5 4.56031 35.0898
3.12591e-17 -0.9328 0.360393
2.5 4.56031 35.0898
37.5 4.56031 35.0898
37.5 5.06308 36.3212
3.41392e-17 -0.919282 0.393598
2.5 4.56031 35.0898
37.5 5.06308 36.3212
2.5 5.06308 36.3212
-4.85125e-17 0.828958 -0.559311
2.5 8 38
37.5 8 38
37.5 7.25709 36.8604
-4.59458e-17 0.848174 -0.529718
2.5 8 38
37.5 7.25709 36.8604
2.5 7.25709 36.8604
-4.0299e-17 0.885512 -0.464616
2.5 7.25709 36.8604
37.5 7.25709 36.8604
37.5 6.68914 35.7285
-3.72041e-17 0.903336 -0.428934
2.5 7.25709 36.8604
37.5 6.68914 35.7285
2.5 6.68914 35.7285
-3.06069e-17 0.935671 -0.352873
2.5 6.68914 35.7285
37.5 6.68914 35.7285
37.5 6.30071 34.6327
-2.7096e-17 0.949952 -0.312396
2.5 6.68914 35.7285
37.5 6.30071 34.6327
2.5 6.30071 34.6327
-1.97683e-17 0.973682 -0.227913
2.5 6.30071 34.6327
37.5 6.30071 34.6327
37.5 6.07507 33.5655
-1.59471e-17 0.982953 -0.183857
2.5 6.30071 34.6327
37.5 6.07507 33.5655
2.5 6.07507 33.5655
-8.15399e-18 0.995571 -0.094009
2.5 6.07507 33.5655
37.5 6.07507 33.5655
37.5 6.00002 32.5181
-4.18114e-18 0.998837 -0.0482052
2.5 6.07507 33.5655
37.5 6.00002 32.5181
2.5 6.00002 32.5181
6.92811e-20 1 0.000798757
2.5 6.00002 32.5181
37.5 6.00002 32.5181
37.5 6.0002 32.4456
3.4642e-19 0.999992 0.00399395
2.5 6.00002 32.5181
37.5 6.0002 32.4456
2.5 6.0002 32.4456
4.55103e-18 0.998622 0.0524698
2.5 6.0002 32.4456
37.5 6.0002 32.4456
37.5 6.07861 31.4096
8.47723e-18 0.995212 0.0977358
2.5 6.0002 32.4456
37.5 6.07861 31.4096
2.5 6.07861 31.4096
1.61137e-17 0.982592 0.185779
2.5 6.07861 31.4096
37.5 6.07861 31.4096
37.5 6.29937 30.3721
1.98258e-17 0.973526 0.228576
2.5 6.07861 31.4096
37.5 6.29937 30.3721
2.5 6.29937 30.3721
2.69007e-17 0.95069 0.310144
2.5 6.29937 30.3721
37.5 6.29937 30.3721
37.5 6.66667 29.3246
3.02686e-17 0.937133 0.348973
2.5 6.29937 30.3721
37.5 6.66667 29.3246
2.5 6.66667 29.3246
3.65831e-17 0.906701 0.421775
2.5 6.66667 29.3246
37.5 6.66667 29.3246
37.5 7.18968 28.2581
3.95382e-17 0.890059 0.455845
2.5 6.66667 29.3246
37.5 7.18968 28.2581
2.5 7.18968 28.2581
4.49585e-17 0.855177 0.518336
2.5 7.18968 28.2581
37.5 7.18968 28.2581
37.5 7.86588 27.1876
4.74362e-17 0.837196 0.546902
2.5 7.18968 28.2581
37.5 7.86588 27.1876
2.5 7.86588 27.1876
5.02449e-17 0.815126 0.579284
2.5 7.86588 27.1876
37.5 7.86588 27.1876
37.5 8 27
5.06311e-17 0.811943 0.583737
2.5 7.86588 27.1876
37.5 8 27
2.5 8 27
-4.85125e-17 0.828958 -0.559311
37.5 8 38
40 8 38
40 7.25709 36.8604
-4.59458e-17 0.848174 -0.529718
37.5 8 38
40 7.25709 36.8604
37.5 7.25709 36.8604
-4.0299e-17 0.885512 -0.464616
37.5 7.25709 36.8604
40 7.25709 36.8604
40 6.68914 35.7285
-3.72041e-17 0.903336 -0.428934
37.5 7.25709 36.8604
40 6.68914 35.7285
37.5 6.68914 35.7285
-3.06069e-17 0.935671 -0.352873
37.5 6.68914 35.7285
40 6.68914 35.7285
40 6.30071 34.6327
-2.7096e-17 0.949952 -0.312396
37.5 6.68914 35.7285
40 6.30071 34.6327
37.5 6.30071 34.6327
-1.97683e-17 0.973682 -0.227913
37.5 6.30071 34.6327
40 6.30071 34.6327
40 6.07507 33.5655
-1.59471e-17 0.982953 -0.183857
37.5 6.30071 34.6327
40 6.07507 33.5655
37.5 6.07507 33.5655
-8.15399e-18 0.995571 -0.094009
37.5 6.07507 33.5655
40 6.07507 33.5655
40 6.00002 32.5181
-4.18114e-18 0.998837 -0.0482052
37.5 6.07507 33.5655
40 6.00002 32.5181
37.5 6.00002 32.5181
6.92811e-20 1 0.000798757
37.5 6.00002 32.5181
40 6.00002 32.5181
40 6.0002 32.4456
3.4642e-19 0.999992 0.00399395
37.5 6.00002 32.5181
40 6.0002 32.4456
37.5 6.0002 32.4456
4.55103e-18 0.998622 0.0524698
37.5 6.0002 32.4456
40 6.0002 32.4456
40 6.07861 31.4096
8.47723e-18 0.995212 0.0977358
37.5 6.0002 32.4456
40 6.07861 31.4096
37.5 6.07861 31.4096
1.61137e-17 0.982592 0.185779
37.5 6.07861 31.4096
40 6.07861 31.4096
40 6.29937 30.3721
1.98258e-17 0.973526 0.228576
37.5 6.07861 31.4096
40 6.29937 30.3721
37.5 6.29937 30.3721
2.69007e-17 0.95069 0.310144
37.5 6.29937 30.3721
40 6.29937 30.3721
40 6.66667 29.3246
3.02686e-17 0.937133 0.348973
37.5 6.29937 30.3721
40 6.66667 29.3246
37.5 6.66667 29.3246
3.65831e-17 0.906701 0.421775
37.5 6.66667 29.3246
40 6.66667 29.3246
40 7.18968 28.2581
3.95382e-17 0.890059 0.455845
37.5 6.66667 29.3246
40 7.18968 28.2581
37.5 7.18968 28.2581
4.49585e-17 0.855177 0.518336
37.5 7.18968 28.2581
40 7.18968 28.2581
40 7.86588 27.1876
4.74362e-17 0.837196 0.546902
37.5 7.18968 28.2581
40 7.86588 27.1876
37.5 7.86588 27.1876
5.02449e-17 0.815126 0.579284
37.5 7.86588 27.1876
40 7.86588 27.1876
40 8 27
5.06311e-17 0.811943 0.583737
37.5 7.86588 27.1876
40 8 27
37.5 8 27
-4.85125e-17 0.828958 -0.559311
0 8 38
2.5 8 38
2.5 7.25709 36.8604
-4.59458e-17 0.848174 -0.529718
0 8 38
2.5 7.25709 36.8604
0 7.25709 36.8604
-4.0299e-17 0.885512 -0.464616
0 7.25709 36.8604
2.5 7.25709 36.8604
2.5 6.68914 35.7285
-3.72041e-17 0.903336 -0.428934
0 7.25709 36.8604
2.5 6.68914 35.7285
0 6.68914 35.7285
-3.06069e-17 0.935671 -0.352873
0 6.68914 35.7285
2.5 6.68914 35.7285
2.5 6.30071 34.6327
-2.7096e-17 0.949952 -0.312396
0 6.68914 35.7285
2.5 6.30071 34.6327
0 6.30071 34.6327
-1.97683e-17 0.973682 -0.227913
0 6.30071 34.6327
2.5 6.30071 34.6327
2.5 6.07507 33.5655
-1.59471e-17 0.982953 -0.183857
0 6.30071 34.6327
2.5 6.07507 33.5655
0 6.07507 33.5655
-8.15399e-18 0.995571 -0.094009
0 6.07507 33.5655
2.5 6.07507 33.5655
2.5 6.00002 32.5181
-4.18114e-18 0.998837 -0.0482052
0 6.07507 33.5655
2.5 6.00002 32.5181
0 6.00002 32.5181
6.92811e-20 1 0.000798757
0 6.00002 32.5181
2.5 6.00002 32.5181
2.5 6.0002 32.4456
3.4642e-19 0.999992 0.00399395
0 6.00002 32.5181
2.5 6.0002 32.4456
0 6.0002 32.4456
4.55103e-18 0.998622 0.0524698
0 6.0002 32.4456
2.5 6.0002 32.4456
2.5 6.07861 31.4096
8.47723e-18 0.995212 0.0977358
0 6.0002 32.4456
2.5 6.07861 31.4096
0 6.07861 31.4096
1.61137e-17 0.982592 0.185779
0 6.07861 31.4096
2.5 6.07861 31.4096
2.5 6.29937 30.3721
1.98258e-17 0.973526 0.228576
0 6.07861 31.4096
2.5 6.29937 30.3721
0 6.29937 30.3721
2.69007e-17 0.95069 0.310144
0 6.29937 30.3721
2.5 6.29937 30.3721
2.5 6.66667 29.3246
3.02686e-17 0.937133 0.348973
0 6.29937 30.3721
2.5 6.66667 29.3246
0 6.66667 29.3246
3.65831e-17 0.906701 0.421775
0 6.66667 29.3246
2.5 6.66667 29.3246
2.5 7.18968 28.2581
3.95382e-17 0.890059 0.455845
0 6.66667 29.3246
2.5 7.18968 28.2581
0 7.18968 28.2581
4.49585e-17 0.855177 0.518336
0 7.18968 28.2581
2.5 7.18968 28.2581
2.5 7.86588 27.1876
4.74362e-17 0.837196 0.546902
0 7.18968 28.2581
2.5 7.86588 27.1876
0 7.86588 27.1876
5.02449e-17 0.815126 0.579284
0 7.86588 27.1876
2.5 7.86588 27.1876
2.5 8 27
5.06311e-17 0.811943 0.583737
0 7.86588 27.1876
2.5 8 27
0 8 27
8.91948e-18 -0.921862 0.387518
2.5 5.06308 36.3212
37.5 5.06308 36.3212
2.5 5.53108 37.5043
-2.13875e-16 -0.937491 0.348011
2.5 5.53108 37.5043
37.5 5.06308 36.3212
37.5 5.53108 37.5043
2.31874e-17 -0.963605 0.267332
2.5 5.53108 37.5043
37.5 5.53108 37.5043
2.5 5.84509 38.7372
1.96163e-17 -0.97409 0.22616
2.5 5.84509 38.7372
37.5 5.53108 37.5043
37.5 5.84509 38.7372
2.4241e-16 -0.989749 0.142819
2.5 5.84509 38.7372
37.5 5.84509 38.7372
2.5 6 40
5.34841e-18 -0.994922 0.100649
2.5 6 40
37.5 5.84509 38.7372
37.5 6 40
-0.0580791 0 -0.998312
2 8 0
2 0 0
1.6527 0 0.0303835
-0.116158 0 -0.993231
2 8 0
1.6527 0 0.0303835
1.6527 8 0.0303835
-0.230552 0 -0.97306
1.6527 8 0.0303835
1.6527 0 0.0303835
1.31596 0 0.120614
-0.286866 0 -0.957971
1.6527 8 0.0303835
1.31596 0 0.120614
1.31596 8 0.120614
-0.396019 0 -0.918242
1.31596 8 0.120614
1.31596 0 0.120614
1 0 0.267949
-0.448858 0 -0.893603
1.31596 8 0.120614
1 0 0.267949
1 8 0.267949
-0.549454 0 -0.835524
1 8 0.267949
1 0 0.267949
0.714425 0 0.467911
-0.597211 0 -0.802084
1 8 0.267949
0.714425 0 0.467911
0.714425 8 0.467911
-0.686194 0 -0.727419
0.714425 8 0.467911
0.714425 0 0.467911
0.467911 0 0.714425
-0.727419 0 -0.686194
0.714425 8 0.467911
0.467911 0 0.714425
0.467911 8 0.714425
-0.802084 0 -0.597211
0.467911 8 0.714425
0.467911 0 0.714425
0.267949 0 1
-0.835524 0 -0.549454
0.467911 8 0.714425
0.267949 0 1
0.267949 8 1
-0.893603 0 -0.448858
0.267949 8 1
0.267949 0 1
0.120614 0 1.31596
-0.918242 0 -0.396019
0.267949 8 1
0.120614 0 1.31596
0.120614 8 1.31596
-0.957971 0 -0.286866
0.120614 8 1.31596
0.120614 0 1.31596
0.0303835 0 1.6527
-0.97306 0 -0.230552
0.120614 8 1.31596
0.0303835 0 1.6527
0.0303835 8 1.6527
-0.993231 0 -0.116158
0.0303835 8 1.6527
0.0303835 0 1.6527
0 0 2
-0.998312 0 -0.0580791
0.0303835 8 1.6527
0 0 2
0 8 2
0.998312 0 -0.0580791
40 8 2
40 0 2
39.9696 0 1.6527
0.993231 0 -0.116158
40 8 2
39.9696 0 1.6527
39.9696 8 1.6527
0.97306 0 -0.230552
39.9696 8 1.6527
39.9696 0 1.6527
39.8794 0 1.31596
0.957971 0 -0.286866
39.9696 8 1.6527
39.8794 0 1.31596
39.8794 8 1.31596
0.918242 0 -0.396019
39.8794 8 1.31596
39.8794 0 1.31596
39.7321 0 1
0.893603 0 -0.448858
39.8794 8 1.31596
39.7321 0 1
39.7321 8 1
0.835524 0 -0.549454
39.7321 8 1
39.7321 0 1
39.5321 0 0.714425
0.802084 0 -0.597211
39.7321 8 1
39.5321 0 0.714425
39.5321 8 0.714425
0.727419 0 -0.686194
39.5321 8 0.714425
39.5321 0 0.714425
39.2856 0 0.467911
0.686194 0 -0.727419
39.5321 8 0.714425
39.2856 0 0.467911
39.2856 8 0.467911
0.597211 0 -0.802084
39.2856 8 0.467911
39.2856 0 0.467911
39 0 0.267949
0.549454 0 -0.835524
39.2856 8 0.467911
39 0 0.267949
39 8 0.267949
0.448858 0 -0.893603
39 8 0.267949
39 0 0.267949
38.684 0 0.120614
0.396019 0 -0.918242
39 8 0.267949
38.684 0 0.120614
38.684 8 0.120614
0.286866 0 -0.957971
38.684 8 0.120614
38.684 0 0.120614
38.3473 0 0.0303835
0.230552 0 -0.97306
38.684 8 0.120614
38.3473 0 0.0303835
38.3473 8 0.0303835
0.116158 0 -0.993231
38.3473 8 0.0303835
38.3473 0 0.0303835
38 0 0
0.0580791 0 -0.998312
38.3473 8 0.0303835
38 0 0
38 8 0
6.65658e-17 0 1
6.96985 0 6.96985
33.0302 0 6.96985
6.96985 8 6.96985
6.65658e-17 0 1
6.96985 8 6.96985
33.0302 0 6.96985
33.0302 8 6.96985
